# oST version 5.0 parameters


[image]

width
640

height
480

[narrow_stereo/left]

camera matrix
608.080840 0.000000 310.888626
0.000000 607.752240 234.319528
0.000000 0.000000 1.000000

distortion
-0.353620 0.147568 0.002684 0.000373 0.000000

rectification
0.999709 0.006430 -0.023236
-0.006368 0.999976 0.002735
0.023253 -0.002587 0.999726

projection
581.030255 0.000000 347.831757 0.000000
0.000000 581.030255 230.087271 0.000000
0.000000 0.000000 1.000000 0.000000

# oST version 5.0 parameters


[image]

width
640

height
480

[narrow_stereo/right]

camera matrix
603.349811 0.000000 332.534337
0.000000 603.264298 225.253102
0.000000 0.000000 1.000000

distortion
-0.369176 0.137176 0.002144 0.000746 0.000000

rectification
0.998988 0.003375 -0.044855
-0.003494 0.999991 -0.002583
0.044846 0.002738 0.998990

projection
581.030255 0.000000 347.831757 99.913184
0.000000 581.030255 230.087271 0.000000
0.000000 0.000000 1.000000 0.000000

