# oST version 5.0 parameters


[image]

width
320

height
240

[narrow_stereo/left]

camera matrix
292.585285 0.000000 159.848404
0.000000 292.076485 106.437630
0.000000 0.000000 1.000000

distortion
-0.369133 0.147212 -0.002032 0.002022 0.000000

rectification
0.997261 -0.002049 -0.073932
0.002638 0.999965 0.007881
0.073914 -0.008055 0.997232

projection
304.389818 0.000000 184.028139 0.000000
0.000000 304.389818 112.227717 0.000000
0.000000 0.000000 1.000000 0.000000

# oST version 5.0 parameters


[image]

width
320

height
240

[narrow_stereo/right]

camera matrix
295.503697 0.000000 163.445080
0.000000 296.055638 120.811073
0.000000 0.000000 1.000000

distortion
-0.361614 0.141255 0.000429 -0.003258 0.000000

rectification
0.998604 0.004671 -0.052616
-0.005091 0.999956 -0.007842
0.052577 0.008099 0.998584

projection
304.389818 0.000000 184.028139 -47.698098
0.000000 304.389818 112.227717 0.000000
0.000000 0.000000 1.000000 0.000000

