# oST version 5.0 parameters


[image]

width
320

height
240

[narrow_stereo/left]

camera matrix
301.432043 0.000000 160.077905
0.000000 301.164173 106.002211
0.000000 0.000000 1.000000

distortion
-0.372081 0.193941 -0.001035 0.001299 0.000000

rectification
0.999386 -0.003376 -0.034879
0.003501 0.999988 0.003519
0.034867 -0.003639 0.999385

projection
312.079411 0.000000 171.868544 0.000000
0.000000 312.079411 113.948392 0.000000
0.000000 0.000000 1.000000 0.000000

# oST version 5.0 parameters


[image]

width
320

height
240

[narrow_stereo/right]

camera matrix
302.100268 0.000000 162.381217
0.000000 302.188793 123.212906
0.000000 0.000000 1.000000

distortion
-0.349620 0.132283 -0.001038 0.001467 0.000000

rectification
0.999809 0.004666 -0.018953
-0.004734 0.999983 -0.003535
0.018936 0.003624 0.999814

projection
312.079411 0.000000 171.868544 -49.087949
0.000000 312.079411 113.948392 0.000000
0.000000 0.000000 1.000000 0.000000
