# oST version 5.0 parameters


[image]

width
640

height
480

[narrow_stereo/left]

camera matrix
892.146124 0.000000 301.493210
0.000000 889.791860 188.432465
0.000000 0.000000 1.000000

distortion
-0.452807 0.305877 -0.000535 0.001389 0.000000

rectification
0.995331 0.000363 -0.096516
-0.000123 0.999997 0.002489
0.096517 -0.002466 0.995328

projection
999.456432 0.000000 382.530769 0.000000
0.000000 999.456432 213.246269 0.000000
0.000000 0.000000 1.000000 0.000000

# oST version 5.0 parameters


[image]

width
640

height
480

[narrow_stereo/right]

camera matrix
827.869271 0.000000 288.341263
0.000000 829.053526 235.671604
0.000000 0.000000 1.000000

distortion
-0.541655 1.270255 0.001768 -0.003464 0.000000

rectification
0.994140 0.007181 -0.107858
-0.007449 0.999970 -0.002081
0.107840 0.002873 0.994164

projection
999.456432 0.000000 382.530769 -158.367589
0.000000 999.456432 213.246269 0.000000
0.000000 0.000000 1.000000 0.000000

