# oST version 5.0 parameters


[image]

width
640

height
480

[narrow_stereo/left]

camera matrix
800.102671 0.000000 299.130983
0.000000 798.619515 156.232733
0.000000 0.000000 1.000000

distortion
-0.469985 0.297220 0.008933 0.005679 0.000000

rectification
0.997950 0.001465 -0.063986
-0.002656 0.999825 -0.018531
0.063947 0.018663 0.997779

projection
901.196307 0.000000 347.638260 0.000000
0.000000 901.196307 198.177866 0.000000
0.000000 0.000000 1.000000 0.000000

# oST version 5.0 parameters


[image]

width
640

height
480

[narrow_stereo/right]

camera matrix
800.138683 0.000000 305.860208
0.000000 801.109832 241.358147
0.000000 0.000000 1.000000

distortion
-0.456199 0.305833 0.003006 -0.002539 0.000000

rectification
0.998914 0.009114 -0.045684
-0.008262 0.999789 0.018801
0.045846 -0.018403 0.998779

projection
901.196307 0.000000 347.638260 -142.202622
0.000000 901.196307 198.177866 0.000000
0.000000 0.000000 1.000000 0.000000

